2812
17354
14081
2113
21128
19926
2309
3178
3221
8822
2646
7110
15350
8213
13777
18337
18450
16409
7324
2158
15942
9498
7455
11985
1769
15777
3550
6008
11458
9177
3711
488
11997
2222
19151
13256
22194
15095
11369
16746
15688
3075
15810
10130
11108
21997
8623
279
16442
18237
10902
12224
4801
12309
11778
2600
18992
18635
21589
5486
13926
12951
18383
1479
20402
4155
12590
1051
7108
83
1764
6184
10496
224
498
2160
7744
8849
11590
12026
13123
21614
12696
10608
17631
19854
1287
5160
12612
15204
1689
17001
17647
18303
2859
4403
6643
13564
22025
1706
8370
11380
13487
17163
19483
7055
10736
11668
8699
11092
19540
20666
1679
3314
5179
6348
7243
13156
18157
19823
2801
12510
15060
6027
6981
11845
14636
16196
7349
15437
17245
18206
22132
778
1424
7732
8441
9418
13254
15737
17134
4899
15243
18803
5904
7651
15287
16190
16684
17621
18616
959
1654
20125
21422
21766
14209
3170
4565
6525
6701
8337
9154
9563
16338
17032
18684
540
10435
16756
17849
6912
9301
12024
16084
16227
22182
3526
4763
4920
8773
8788
12658
14187
16682
19796
21445
335
6340
7322
7731
12255
13251
15989
19131
6387
7953
8483
9392
20476
21160
21341
535
4520
8205
13923
16606
17257
4203
5870
13367
13929
14001
14244
18123
19888
19961
659
1540
4671
6930
8092
8380
8451
9558
10136
19903
603
4173
4640
8605
8855
10277
10495
12618
21259
609
2893
9360
18801
21078
21335
4709
5322
8537
12707
15511
16719
22188
7103
7971
8025
11762
16123
16885
20881
21277
21802
1813
4260
15118
20692
2214
3884
7588
9460
11872
16538
18047
19245
21046
610
989
1366
1842
5327
7346
12864
13433
15545
17538
17942
18218
20338
1034
1869
4076
4264
14683
16473
17026
17751
19195
4352
8700
13539
15602
4116
9552
11717
19270
35
408
449
2713
4272
9387
11372
12080
14210
16054
16662
21988
2965
10274
10868
13489
15435
16352
19947
723
3212
3941
6057
6549
9473
16045
18689
20009
21956
2003
5908
6464
6628
17035
19307
20280
349
3215
9663
10818
11295
14042
15305
16743
18617
19925
1910
4089
4117
8713
8913
9921
10294
11096
15303
17488
20378
20513
21750
1297
1857
2039
3754
5453
9114
10856
11221
11770
14019
16069
20886
367
7582
13479
15857
17648
19064
21563
21869
445
3709
4253
5228
5899
9680
11043
11472
18049
19124
20683
21928
63
72
1174
2918
6816
8090
9757
11347
12669
15724
16267
16710
16982
19837
908
1208
4185
5677
8426
8934
9316
12295
14550
17273
18005
19381
19438
19708
2872
4706
5062
6653
7172
11199
11613
12421
17847
18316
18717
19398
19590
20727
1658
2120
2960
4354
6862
8990
10776
13582
17187
18395
18797
20264
21329
895
2202
2295
6968
8763
9388
10307
10363
10634
15258
20424
20795
941
2603
3677
4645
6616
9951
15672
16250
18107
22011
124
1235
2034
3418
4010
5515
10446
13632
17899
7481
11312
11504
13733
14391
15624
1007
1377
2454
9244
11390
11732
13885
14744
16019
19420
20501
20731
20875
1022
4811
6492
7934
11005
12117
13500
14008
17665
19180
21493
2134
2863
4698
5991
6279
6787
7478
7960
8320
9753
11365
12561
14222
14520
16730
18478
18796
19394
20818
22171
444
510
1641
4816
7420
9814
10871
11305
12378
13567
13624
13822
14621
14703
16306
18647
19649
19867
22027
1105
1375
4656
12380
12474
12957
13848
16434
18315
20910
2213
2387
2461
4213
5475
9914
10834
11873
13422
14080
15710
21867
2291
3725
3963
4627
6476
7266
7516
8830
9044
13863
15708
16268
17410
18728
20097
21809
1039
1707
2800
7106
7131
7855
9521
10510
11421
12684
12691
13381
16466
16761
17196
19310
19563
428
653
1441
1598
2175
4145
5673
5967
6765
6965
7083
9048
9071
9228
10184
10742
11690
13893
14328
14394
18059
21855
22110
1606
2273
2552
2971
4463
5287
7667
8968
9153
9915
11483
11928
12650
13010
17580
17717
18605
19462
21550
21759
1360
1382
2075
2179
2424
3781
4985
6871
7351
8271
10096
10803
11769
12788
17860
19564
20453
20932
21019
21541
22085
394
1217
1659
2684
2951
4362
6558
7640
8863
9022
11809
14371
16029
16447
16819
19280
20157
21800
234
812
1255
4390
6445
8850
8996
9252
9781
11552
11848
12139
12167
12205
12966
13100
13453
13463
14719
15700
18546
18842
19949
21088
268
416
586
2823
11115
13071
13138
13503
13721
14693
16910
17727
18913
19238
19260
19866
231
616
765
1547
1817
1993
2385
5177
7510
7586
7792
8009
8708
10989
14450
16280
16395
16653
16729
17445
18144
21641
4351
5494
5522
5562
5770
6526
6657
9466
10490
11280
11970
17276
18091
19373
220
328
677
955
1032
2150
5252
6648
7860
8007
9374
10269
10407
10915
11264
12818
13634
13952
14851
15850
18673
21532
1502
3084
3141
5614
5631
11026
11062
13190
13290
14914
16574
17353
18552
18696
19232
1719
2457
2668
2705
2843
3040
4496
4866
5465
7879
10744
11125
11593
11649
13519
15341
15380
17922
18732
19853
20165
21191
1209
1539
5757
6522
7058
8015
8581
9709
10345
12021
13439
13596
16407
17523
19893
20449
2580
3475
5586
5793
5881
6742
7141
7896
9354
9531
10320
11936
11999
15066
18217
19642
160
944
4176
4468
5531
6973
8814
9307
10254
11677
12450
13640
13899
16543
18202
18577
20637
21102
19
2028
2187
2205
3205
3291
3816
4872
5692
5752
6478
9546
9802
10168
10541
12471
12806
16115
17754
18332
18853
19019
19660
20301
109
762
779
1473
1906
2325
3672
5926
6405
6509
8053
8879
9516
9853
12981
14729
16985
17227
17249
19468
20096
20632
20746
21049
21358
671
3214
3808
4298
4376
4980
5597
5989
8014
9699
9980
10001
13017
13132
13767
14416
15057
15186
15922
15969
16969
17725
19014
19115
19199
20226
20520
21237
3238
3600
4140
4417
4815
5067
5299
5575
7159
7566
7902
8949
8961
9867
10101
12585
12933
13357
13911
14558
14922
18903
21360
787
846
1133
2030
2562
3006
3129
3319
6437
6799
7047
9256
10734
11981
12928
16520
17211
18210
18782
19406
20504
20767
20819
21092
21290
562
1573
1994
2265
2639
3785
4799
5256
6646
8463
9068
9183
9201
10099
10614
12121
12395
13280
15336
16526
18610
19599
19607
20761
81
1445
3216
4436
5279
5756
5969
6655
7040
7461
7520
7696
8229
8893
10045
10600
10741
10765
10797
10836
10900
11356
12439
13834
15798
16052
16930
18223
20059
20551
20988
21324
22118
77
182
3068
5310
5460
7570
8841
8901
10159
12014
12276
13629
13940
14530
15384
16487
17880
19001
19860
19984
21477
2677
4063
6063
6960
7543
7576
7665
8031
8112
8434
10150
10311
10723
11025
11057
11966
12448
13327
13462
14194
14215
14652
14788
14849
16777
16991
17845
18008
18137
19436
20084
20218
20237
1918
2186
2828
3045
3244
4431
4967
5956
8355
8481
8528
9155
11328
11598
12552
13810
14011
14148
14174
14264
14563
14598
15829
15997
17008
17286
17351
17954
18452
18725
19084
19140
21665
21941
2905
3146
3686
5076
6921
7523
7625
8829
9067
9710
10553
13405
13454
14165
15383
15401
15786
16873
17256
17688
19027
19878
19902
20144
21810
494
1763
2109
2254
2544
3659
3703
4113
4673
5141
5921
6284
6876
7004
8331
9358
9561
11322
11780
11927
12633
12651
14287
16503
16854
17047
17290
19121
20470
21066
21528
441
1114
1341
2819
3880
6347
7680
8477
9005
9317
10641
12170
13448
14522
15056
15354
15570
15959
16318
16439
16595
16614
17007
17356
19364
19461
19574
20078
20750
854
1505
3017
3758
5639
5666
6688
7397
7597
7910
7925
8348
8489
8569
9337
9349
10586
13183
13756
14128
14342
15167
17883
18200
18949
19610
19880
19977
20521
20771
21136
21230
21413
21577
21812
21906
21915
22023
22145
712
1713
1801
1942
2433
4741
4965
5368
6011
7136
7362
8894
9082
9481
11028
11757
11841
12685
13630
15030
18078
20239
20523
21101
21778
476
533
5751
6919
7302
7873
9019
10029
10542
13141
13621
14357
15958
17474
20394
20522
21245
21727
22043
265
271
574
1329
2146
3250
3325
4425
4760
4860
6262
6451
6753
6757
7205
7360
7790
8398
8423
8546
9500
9615
10702
11049
13087
13593
13869
14807
17319
17605
19209
19262
19704
19788
19894
20068
20288
20388
21884
21940
1749
2489
2755
3284
4915
5083
5345
5441
5520
6166
7174
7933
8209
8852
9816
9930
10697
10782
12809
13048
13473
16160
16448
17441
18140
18397
18731
18910
19154
19193
19212
20491
21033
21039
21378
21506
21514
21868
315
745
983
4235
4523
4852
4970
6785
7122
7309
7619
7695
7724
8981
9021
9511
11994
12132
12340
12868
13831
14442
14660
14740
15017
16391
16575
16918
16966
18868
19440
19921
20162
21697
21823
22156
399
1602
2131
2973
3355
3632
3701
4316
4473
4987
6618
7126
8593
8798
9355
10211
10384
13021
13826
13902
14803
15232
15746
16522
16769
16881
19494
20241
21185
1534
1595
2687
3387
3577
6192
6796
7526
7743
8121
8436
8490
9772
10757
11376
11466
12083
12895
13259
13531
14626
14822
14913
15330
15842
15928
16140
17207
17466
17619
18950
21705
116
437
856
1464
1954
3044
3417
5080
6282
6292
6404
6589
6686
8330
8872
9184
10006
10368
10789
12396
12497
12603
14830
15084
16287
16436
17271
17473
17667
19799
20802
21734
347
398
435
1052
1432
1988
2008
2159
2736
3641
4019
4031
4163
4558
4608
4634
4988
5652
6622
7034
7393
7464
7821
7856
8452
9514
10197
12165
13072
13201
13873
13955
14347
14617
17602
18307
18417
19474
19743
20046
21428
21548
907
2065
2501
3775
3988
4836
5064
5389
6438
7553
8101
8671
8971
8995
10093
11329
12916
14092
14659
15363
16383
17939
19322
21359
0
1716
1720
2788
3233
3305
4643
5153
5875
6573
7045
8394
8551
9961
10661
10791
10975
11034
12333
13186
13401
13565
13597
13772
13901
14747
15768
15799
16846
17231
17421
17461
17815
18501
18510
19426
20721
21151
21533
415
897
1033
1436
1849
2593
3223
3390
3541
3669
4190
4217
4867
5603
5641
6167
6355
7027
7128
7742
7911
8834
9176
9359
9813
9929
11453
12169
13035
13117
13236
13502
13508
13583
13825
14984
15156
15770
17844
17919
18278
19952
20002
20461
20652
20791
21599
12
1640
3054
3162
3204
3596
4863
5015
5420
5837
6728
7146
7283
9883
10031
10098
10603
11170
11753
12038
12870
13070
13425
14043
15800
16124
16474
16773
16814
17085
17254
17275
17628
17681
17761
18535
19397
19525
19591
19810
21217
21350
21354
22123
230
302
338
475
732
743
1381
1597
1790
3181
3241
3513
3862
4306
4424
5974
6898
7421
8480
8933
9063
9120
9121
9161
9347
9743
10079
10081
10189
10394
10477
10676
10938
11599
12074
12217
13124
13337
13910
14591
15241
15908
17065
17559
19050
20488
20686
431
2051
2111
2224
3243
3369
3797
7604
7653
7779
7832
8501
8867
9094
10525
10910
10919
11567
12101
12489
13399
14279
15965
15976
17241
17484
17960
18346
20240
20400
21137
22031
22095
1
276
822
930
979
986
1433
3881
4994
5786
6086
8482
8681
9129
9423
10403
10547
10753
11152
11492
11583
12163
13335
13518
13601
13969
14220
14447
14516
14858
15927
16670
16896
17657
17968
18870
19745
19772
19812
20024
20077
20094
21243
21332
21357
21388
21658
21773
242
410
1081
2294
2329
2340
3636
3652
4808
5129
6811
6850
8234
8359
9039
9083
9162
9953
10523
10658
11226
11235
11565
11602
12545
12599
13370
13570
14159
15573
15625
15859
16894
17215
17556
18496
18783
20053
20071
20770
20854
21735
22173
721
3858
5625
5868
5999
6331
6849
7631
8005
8316
8871
9040
9379
9803
10021
10333
10618
10847
11084
11429
11455
11535
11768
12020
12338
12771
12774
14717
15919
16099
16128
16475
17142
17226
18002
18431
18856
19333
19514
20185
21171
22162
100
303
330
932
1024
1634
1999
2165
2532
2641
2963
3061
3072
3399
5744
6344
6501
7414
7785
8288
9035
9054
9705
9769
10695
11776
11833
11893
11930
12830
12918
13166
14286
14515
14564
15046
15540
16100
16272
16397
16893
16954
17131
17434
17448
18134
18150
18391
18548
18655
18657
18954
19442
21298
21345
21379
22026
22152
813
984
1157
2592
3066
3448
3670
3826
5204
5388
6257
7120
7502
8008
8885
9278
9752
9885
10935
12054
12426
12819
12824
13074
13131
13635
13726
14353
14491
15471
15741
16022
16370
16974
17690
17792
17857
18092
18604
18997
19622
21119
21251
21286
48
402
592
703
1825
2019
2269
3110
3589
3810
3931
4546
4647
5170
5679
6433
7308
8487
9018
10017
10401
10944
11007
11980
12716
13192
13328
13362
15021
15143
15146
15562
15689
15796
16346
16859
17449
17513
17757
17839
18385
19929
20362
20498
20959
21933
1342
2260
3281
3969
3991
4416
4588
4978
5182
5275
6361
6402
6629
7320
7786
8333
8595
9110
9283
9343
9622
10260
10482
10654
10752
11452
11505
12622
12763
13311
13739
13751
14714
15493
15719
15932
16667
17022
17292
18399
20571
20678
21098
21271
21463
21795
21849
563
1089
2954
3119
3153
3471
3937
4073
4107
4127
4195
4386
4817
4835
5649
6003
9218
10417
10941
11623
11900
12783
13329
14009
14074
14136
14885
14941
15460
15481
15764
15774
15793
15891
15960
16162
16205
16513
17228
17389
17701
17760
17901
18363
18706
18818
19267
19739
19870
20093
20740
21865
570
575
766
982
2499
3301
3370
3586
3748
3814
4894
5296
5489
6483
6540
7368
7952
8747
10627
10899
11554
12640
12973
13294
13660
14262
14381
14574
14860
15190
15560
15561
16146
16239
17078
17608
17838
18043
18053
18581
18907
19122
19251
19724
19966
20183
20579
20804
21184
21448
365
756
864
1195
3778
4299
4870
5268
6055
6122
6130
6800
7828
8390
9173
9524
10563
11111
11190
11413
12620
13983
14657
17296
17586
17689
17837
19554
19840
20119
20313
20326
21187
21540
21955
1736
2361
2609
3494
3605
3727
3851
4222
4236
5006
5700
6062
6577
6791
7430
7722
9262
9938
9971
10272
10604
12435
12700
13188
13198
13286
13434
13886
14782
14850
15696
15864
17242
17264
17381
17588
17734
21003
21524
21608
21646
164
875
1543
1856
2166
2879
3035
3349
3923
4323
5675
6180
6203
6568
6829
6932
7021
7504
7956
7991
10810
10914
11339
11764
11842
12036
12645
12837
13443
13452
13876
13931
14142
14544
14702
15218
15377
15578
15906
16080
18608
19069
19233
19401
19412
19479
19560
19819
20142
20597
515
559
876
1239
1576
1681
2100
2797
2912
3292
4169
4611
4962
5381
7636
7720
8323
8358
8657
8802
9322
10840
11205
12676
12892
12990
13135
13312
14091
14667
14704
14875
15270
15439
15585
16120
16320
16371
16747
17502
17649
18602
18999
19056
19057
19204
19328
19951
20346
20353
20506
20688
20703
21390
21424
21747
957
1406
1551
1614
2287
2635
2934
3951
4265
4670
6326
7992
8117
8216
9717
11223
11241
11742
11856
12077
12230
12261
12578
12991
13015
13187
13575
13762
14602
14748
14765
15961
16127
16130
16212
16578
16579
16802
17143
18695
18829
18980
19666
19764
20020
20982
21970
351
418
1608
2507
3392
3437
3719
3901
4152
4704
5041
5333
6381
7326
7627
8250
8575
8787
9009
9103
9591
9604
9893
10286
10793
11203
11366
11445
11581
12334
12503
12638
12897
13410
13572
13959
13963
14637
16480
16946
17247
17342
17724
19139
19718
19722
20205
20208
20345
21221
21235
21400
21718
22012
1196
1220
1351
2228
2261
2551
2748
3024
3053
4081
4207
4273
4802
5014
6542
8086
8300
8399
8578
9081
9631
9810
10088
10835
10838
10958
11412
11603
12039
12271
13168
14373
14388
15197
15601
15695
16248
16544
18124
19477
20230
20267
20603
20719
20899
21284
21774
21842
21882
22086
341
380
414
519
580
1947
2508
2586
3225
3698
3865
4121
4224
4878
5002
5090
5335
6772
7041
7088
7133
8460
9049
9580
9695
10574
11362
11968
12440
12527
12549
12853
13163
13392
13413
14362
14542
14755
15139
15408
15721
15848
16085
16179
16322
17010
17716
17995
18207
18322
18750
18878
19250
19383
19719
19971
20034
20066
20446
21029
21206
22065
814
1404
1557
1760
1803
1814
2445
2524
2988
3518
4085
4757
5233
5845
5928
5945
6007
6462
6722
6889
7637
7931
8059
8197
8684
8866
8936
8976
9135
9555
9585
9985
11013
11290
11617
12260
12317
12646
13400
13605
13950
14319
14634
14890
15393
15466
16147
16235
16289
16365
17050
17155
17645
17798
18084
18284
18912
19285
20124
20304
20626
20704
21597
21627
21653
21847
21942
21944
206
372
1411
1496
1797
1943
2210
2311
2598
2621
2671
2948
3121
3236
3408
3911
4064
4267
4497
4622
4694
5050
5134
5473
5582
5877
5887
6312
7280
7600
8607
9607
9822
10887
11150
11186
11688
11837
12731
12828
12960
13364
13409
13432
13872
14016
14555
14799
15718
16063
16723
17027
17471
17492
17510
17718
18080
19015
19344
19470
19553
19828
19848
20136
20444
20507
20742
21652
21709
21824
459
754
1475
2216
2292
2842
3234
3490
3640
3666
4082
4196
4379
4413
4561
4566
4594
5220
5229
5260
5777
6414
6926
7017
7158
7259
7470
7528
7736
7749
8039
8690
8770
8947
9041
9211
9328
9763
10309
10456
10500
11016
11045
11144
11654
11920
12775
13579
13716
13718
13746
14067
14512
14886
15045
15536
15849
16035
16037
16157
16296
16416
17259
17370
18675
19042
19253
20146
20467
20554
20849
21012
21027
21603
65
152
513
748
2870
3027
3157
3200
4110
4133
5103
5442
5709
5759
6112
6907
7331
7594
7777
8091
8315
8343
9001
9170
9569
11433
11871
12176
12282
13221
13402
13646
14184
14249
14425
14724
15300
15438
15998
16042
16236
16553
16640
16815
16941
17826
18052
18165
18224
19016
19101
19182
19561
20315
20442
21016
21166
21992
22141
22197
144
145
608
1139
1631
2443
2625
3163
3749
3804
3949
4160
4660
4690
4971
5289
5321
5929
6506
6651
6672
6679
7278
7691
7692
8963
9204
9329
9420
9807
9926
10013
11606
11948
12840
13378
14405
14884
15029
15268
16255
16288
17051
17293
17984
18643
19500
19935
19993
20214
21233
21330
21950
21971
22151
49
300
645
1305
1456
1458
1650
2304
2384
2613
2720
3055
3154
3199
4684
4718
5013
5018
5035
5065
5130
5573
5653
5763
6429
6555
6846
7647
8089
8268
8876
9272
9742
10219
10291
10575
10785
11216
12367
12959
13060
14108
14749
14927
15020
16477
17636
17643
17802
17852
17900
17915
18143
18279
18789
19191
19220
19290
19388
19617
19730
20087
20624
20807
21097
489
729
870
1252
1401
1880
2151
2546
2840
3144
3482
4442
4557
5445
5897
7458
7474
7476
7701
8289
8772
8778
8912
9160
9484
11110
11249
11825
12257
13688
14044
14094
14736
15117
15588
15608
15892
16161
16281
16497
17129
17248
17322
17408
17803
18113
18191
18231
18902
18923
19132
19402
19715
19794
19824
21567
21764
22117
23
239
496
927
1097
1636
2276
2282
3106
3287
3288
3712
3933
4366
4511
4822
5257
5536
5769
6116
6152
6252
6413
6843
7228
7574
7774
7985
9435
9577
9798
10080
10158
10338
10400
10428
10711
11346
11374
11887
12119
12345
12556
12943
12948
13147
13240
13695
13781
14098
14202
15148
15245
15279
15404
15684
15728
15968
16844
17684
17733
17835
18328
18437
18443
18864
19074
19258
19811
19849
19991
20505
21144
21355
21565
21574
21737
21783
21886
22092
22155
316
493
804
901
954
1027
1613
1727
2618
3000
3071
3309
3407
3848
5022
5201
6281
6520
7043
8364
8585
8638
9025
10143
10817
11184
11211
11418
11531
11609
12150
12791
13389
13710
13858
14503
15339
15477
15809
15822
16242
16379
16661
16840
17756
17992
18136
18435
18850
19144
19586
19963
20282
20773
21519
21780
780
1074
1369
1387
1683
1693
1710
1773
1953
1971
2103
2140
2306
2307
2370
2373
2829
2900
3231
3296
3532
3759
3771
4357
4406
4914
5351
6743
6804
6806
6958
7815
7862
7888
8094
8516
8750
9313
10305
10578
10865
11424
11591
11805
12262
13012
13842
13939
14477
14825
15202
15771
16742
16833
17152
17742
17786
18166
18240
18242
18280
18404
18541
18804
19451
19552
20331
20405
20553
20890
21441
21552
21876
21959
22019
22170
122
166
715
803
874
1317
1603
2289
2936
3003
3476
4288
4509
4586
5294
5505
5920
6498
6574
6593
6601
6778
6833
7145
7678
8474
8559
9007
9085
9280
9731
9924
10038
10502
11358
11719
12123
12278
12750
12922
14070
14186
14397
14467
14965
15153
15175
15373
15402
15899
16201
16491
16619
16732
17093
17113
17120
17924
18585
19112
19385
19813
20533
21205
21601
22143
1278
1405
2787
3025
3968
4618
5073
5694
5937
6204
6207
6301
6449
6489
7005
7386
7714
8237
8303
8753
9433
9471
9634
9913
10072
10255
10378
10652
10718
11038
11684
11747
12185
13505
13551
13672
13800
13985
14191
14239
14422
14452
14798
15193
15195
15386
15444
15630
17115
17371
17491
17891
18455
18640
19354
19672
19717
20043
20056
20133
20159
20213
20796
21375
22195
642
1029
1244
1302
1933
1969
2080
2703
2721
2741
2762
3259
3987
4011
4159
4188
4662
5646
6490
6570
6633
8255
8340
8654
8728
9417
9586
9605
9911
10191
10722
11447
11765
11934
12136
12568
13594
13669
14060
14141
14408
15506
16243
16258
16589
17650
17812
17966
18511
18649
18838
18859
19032
19093
19487
19751
19771
21143
21429
21741
21846
22032
142
215
257
2079
2108
2157
2262
2431
2550
2862
2966
3086
3186
3203
3527
3683
4167
4292
4725
5116
5569
5658
6115
6371
6580
6895
6957
8111
8149
8697
8837
8859
9015
9461
9845
10222
10404
10901
11000
11095
11894
12022
12803
12826
12848
12860
13418
13978
14038
14041
14116
14129
14205
14302
14839
14964
15137
15302
15415
16077
16214
16247
16726
16959
17024
17334
17675
17996
18203
18421
18428
18637
20080
20154
20436
20780
20891
21575
21639
22001
22047
356
644
878
950
1198
1349
1553
2063
2243
3058
3311
3347
3811
4053
4114
4179
4246
4270
4723
5092
5138
5238
5686
6251
6430
6698
7197
8472
8651
8775
9042
9248
9281
9474
9673
9727
9732
10198
10533
10714
11260
11497
11539
12307
12745
12866
13066
13719
14338
14629
14671
14819
14909
15115
15333
15394
15641
16458
16772
16994
17028
18550
18677
18961
19343
19495
19701
19852
19986
20968
20973
21010
21327
21483
21691
22021
21
258
582
769
1021
1122
1183
1997
2172
2195
2365
2444
3039
3465
3582
3646
3784
3819
4484
4575
4977
5001
5187
5396
5470
6044
6045
6200
6234
6272
6421
6519
6630
6664
6818
6913
7121
7579
7681
7844
7870
8379
8459
8847
8898
9167
9326
10140
10174
10737
11192
11246
11537
11838
12056
12095
12592
12690
12970
13013
13197
13623
13918
14301
14382
15105
15142
15654
15656
16104
16292
16311
16770
16832
16988
17119
17364
17805
18060
18402
18538
18860
18976
19104
19235
19692
19716
20217
20451
20867
20920
20991
21172
21543
21831
21891
76
88
567
863
900
1030
1416
1563
1660
1985
2164
2315
2578
2679
2702
2763
2987
3453
3944
3970
4423
4948
5140
5798
6500
6793
6840
7239
7831
7884
8035
8416
8448
8488
8580
9846
10209
11313
11614
11641
11785
12562
13122
13263
13663
13827
14079
14247
14312
14412
14432
14459
14510
15075
15109
15295
15504
16317
16441
16515
16539
16686
17083
17710
17719
18062
18563
19205
19362
19802
19924
20568
20691
20821
20843
20969
21087
21113
21222
21246
21856
21862
22049
114
1008
1531
1638
1809
2556
2647
3004
3077
3103
3124
3327
3750
3837
3952
4026
4136
4773
4843
5680
6097
6319
6339
6394
6897
7211
8309
8402
9235
9672
9880
10005
10468
10545
10646
10689
11279
11440
12455
12654
12692
12969
12978
13023
13059
13529
13530
13801
13856
14012
14300
14462
14569
14596
14711
14862
14912
15574
15576
16159
16307
16707
17099
17706
17755
17790
17913
18089
18311
18394
18419
18633
18990
18995
19005
19224
19293
19313
19424
19475
19528
19557
19577
19676
19901
20212
20407
20611
20728
20810
21631
21917
21920
22080
22196
240
443
1075
1242
1623
1998
2085
2627
2632
3127
3506
3611
3653
3762
4135
4146
4271
4356
4582
4623
4630
5546
5716
7294
7938
8518
8620
8735
9237
9777
9991
10165
10179
10250
10335
10473
10872
11387
11501
12887
14088
14372
14953
15038
15249
15411
15451
15881
16078
16217
17355
17500
17768
17780
18340
18830
18841
18846
18919
19645
20042
20321
20640
20919
21353
21381
21754
21767
22178
64
425
467
647
720
1126
2947
3436
3869
4014
4620
4769
5098
5277
5547
5761
5814
5949
6205
6248
6656
7011
7031
7293
7993
8093
8192
8203
8261
8326
8760
8918
9609
9656
10410
11158
11660
11931
12518
13046
14687
14692
14716
15085
15168
16156
16170
16187
16274
16745
17000
17103
17217
17609
17744
17921
18924
19359
19480
20092
20109
20389
20699
20811
20962
21043
22050
71
256
264
361
396
808
961
1451
1630
1635
1811
2020
2528
3033
3312
3440
3722
3724
3801
5082
5278
5966
6004
6021
6659
6996
7012
7446
7500
7583
7661
7706
8178
8214
8384
8783
10318
10537
10873
11670
12078
12082
12517
12890
12936
12992
13039
13081
13752
14104
14168
14910
15077
15331
15449
16141
16163
16377
16671
16702
17341
17758
17889
17903
18204
18671
19148
19414
19486
19583
20391
20673
21291
21304
21310
503
736
872
1664
2077
2204
2334
2469
2533
2648
4590
4722
4742
5231
5403
5468
5732
5883
6015
6280
6315
6784
7375
7479
7643
7754
7837
7930
8048
8293
8688
8857
10249
10564
10729
11178
11319
11517
11817
12073
12288
12570
12718
12942
13321
13420
13683
14056
14364
14612
15100
15116
15368
15854
16374
16450
16460
16510
17081
17848
17911
18096
18247
18971
19499
20356
20474
20489
20769
21833
174
314
450
530
1928
1972
2091
2569
2607
2637
3159
3573
3792
4108
4277
4295
5019
5454
5878
5950
5973
6352
6503
6641
6903
7540
7587
8087
8183
8621
8637
8691
8858
9208
9430
9644
9707
9761
9919
9923
10015
10302
10316
10386
10570
10576
11104
11255
11422
11735
11758
11904
12045
12137
12600
13599
13680
13900
14015
14066
14188
14339
14578
14865
15246
15348
16278
16398
16532
16760
16796
17191
17415
17531
17801
17866
18255
18664
18828
19585
19943
20187
20223
20343
20708
20964
21469
21965
21978
22096
253
272
339
462
911
1224
1444
1900
3046
3793
3833
4015
4158
4363
4909
4917
5042
5052
5226
5449
5841
6025
6060
6735
7000
7091
7519
7577
8032
8284
8287
8627
8734
8874
8969
9397
9476
10672
10876
11160
11297
11397
11407
11700
12434
12674
12739
12795
12844
12850
12983
13148
13569
13887
14121
14277
14800
15102
15113
15429
15670
15889
16878
17165
17632
17846
18109
18249
18420
18448
19171
19186
19259
19335
19387
19696
20017
20022
20035
20090
20225
20268
20541
20963
21326
21407
21821
21870
22
353
931
1785
1829
1911
2740
3998
4008
4104
4162
4617
4782
4831
4856
5981
6161
6278
6527
6695
6798
6824
6991
7219
7318
7980
8001
8545
8726
9372
9415
9486
9574
9637
10109
10116
10133
10135
10421
10645
10947
11884
11937
12053
12109
12877
12891
13703
14002
14062
14817
15280
15657
15699
16200
16627
17082
17130
17433
17894
18025
18313
18665
18771
18802
18807
19097
19118
19168
19777
19996
19999
20274
21138
21549
21976
233
284
430