455
17199
4121
14369
5165
1595
5085
4122
19608
8471
5119
5400
1224
2235
5004
8447
19625
16397
19283
15098
7491
21736
3416
4333
756
14749
12490
7260
7526
12074
14335
13353
21882
9013
7687
7925
15234
21436
20053
2214
1900
6581
13003
4938
7456
5407
13775
1126
3165
19464
16060
7977
7592
15829
13449
7095
12086
8006
17664
1526
9630
12288
10724
12226
20955
14496
17655
11555
7790
3495
11190
6449
20513
19994
10786
3429
6353
7059
1061
22051
13715
3507
14610
10417
11164
7205
4178
16654
7409
12208
16285
1785
20577
4326
9796
3628
4376
7105
7354
12258
5945
5566
17424
2140
18253
18760
10169
13626
17965
21650
1401
4106
17790
5058
18236
907
9314
17948
17208
12753
8673
415
3550
13731
21358
10331
16328
6441
1661
4841
4575
20775
1838
7546
7079
10914
6727
20318
16657
20463
18814
19217
18452
14692
8290
19205
7124
16897
11270
17099
11917
4894
13595
4524
19154
12684
7016
10701
13875
21251
6082
1547
4357
15548
7588
5156
8969
13923
11221
7487
15571
11212
19839
21521
8873
9859
1389
1219
17296
10023
9466
19657
7395
15918
13317
7695
14688
1232
16242
14046
7258
8766
7833
11766
12641
10854
13476
4116
7892
2430
9106
17567
18319
16550
10146
6640
15287
1244
2509
17677
5643
10857
17351
210
8
10140
13887
9967
10395
10979
8994
21237
11232
14768
8522
8728
22188
5224
19816
11680
3519
21043
6865
765
13655
19873
18045
11180
17175
19028
9496
11275
14179
14564
7802
20309
8095
15026
1774
20907
8855
8742
1769
15049
11827
9984
3959
20124
2276
11980
9077
18019
15651
5158
1751
11293
11423
1650
14964
8229
19728
16129
20002
5184
2820
855
18086
17335
16115
9940
17588
17513
127
12394
8593
6175
3295
17036
13127
2098
20860
11775
14232
7396
15297
8000
2142
16340
1431
15081
16516
14694
4981
18927
11638
15670
20379
9420
3336
16609
2054
5029
21456
11204
7177
4588
13937
17150
8352
10054
12473
12462
15413
11445
9970
21917
16126
15377
12527
2548
6817
8255
9505
6201
4262
3968
11334
9731
16497
15820
7195
2876
18665
3465
12199
19856
17811
17464
12881
5255
15962
17672
5704
2288
9347
22035
11747
11462
11251
20111
2180
11866
4409
8338
20204
18681
21699
21434
6508
9648
5141
19960
11113
14227
21786
16161
19875
11606
9473
2756
6154
5438
5241
17381
19570
5220
15585
16602
6600
6303
16859
18771
4881
21421
13010
14235
17884
7303
17662
487
18323
13605
6877
4990
17707
11247
5936
7565
3504
16886
21681
18200
12648
4916
2621
21995
10583
6169
2398
3595
703
1899
12718
20761
6584
8691
2700
13557
15150
15192
10880
18901
1913
10876
14642
3605
2400
3543
14785
5991
18841
10754
5926
1343
12585
2734
19879
5274
14469
10519
3704
11895
8955
9119
17300
13129
19115
15115
15644
6062
9622
507
20502
8801
20807
649
5443
22043
3858
10272
6884
17979
8276
12584
16718
5878
10546
17131
13386
8513
10148
13052
9745
17065
12550
13727
7328
15870
15185
20770
19753
1545
609
16953
19552
12301
19420
21747
17289
15440
2932
18709
21784
21529
16963
18001
20121
19243
20258
1011
35
8767
18458
1863
14402
10306
14526
10205
3210
16578
8957
5817
16312
22098
8926
14328
6829
18054
8412
4689
21912
22060
19633
10029
12515
1297
9521
10021
3754
940
14498
14604
1576
17035
20386
3471
16334
4254
18578
17115
14054
11055
6232
2650
12424
13575
5937
13633
9936
4628
4354
5599
9262
20878
2518
7896
17840
1686
11122
20056
16092
7944
3733
1930
20854
13955
19168
2091
1647
1212
20724
7274
5624
9403
4300
16369
20452
2962
3195
2366
4914
11780
13778
10572
11920
4482
13517
1807
6041
15874
19775
8188
17238
8278
20662
19142
868
2076
20700
12825
22182
19020
9110
8107
5427
2083
16647
5326
20935
20797
22102
4125
19743
14349
21464
13646
3024
9265
17657
12565
19374
10671
20069
22140
14456
18535
12866
3558
14064
20535
1840
5509
13192
71
5543
4225
18276
4903
7323
13025
21492
6875
12501
708
10156
14542
13880
10549
13623
7692
11592
15505
21163
11604
9292
19919
5200
8753
20467
16976
2313
1430
19106
10936
13001
18850
21856
9176
9413
12932
18499
15934
21306
21640
313
22155
20644
7733
16137
20613
11580
2673
19046
11228
11927
13609
14778
347
14378
1184
11
3118
21831
21374
11237
7980
14890
15564
17329
15930
11739
6501
3877
1877
8299
3088
7074
3283
15878
20900
18911
17808
10096
19525
3491
20022
8704
15698
13120
15305
2252
18721
10273
9276
612
11977
21164
3584
12422
14726
20376
18705
13283
7253
10431
773
15511
6121
16095
21669
6092
20484
18807
20165
21991
10501
7423
16988
2837
16932
1382
16937
18703
12379
11241
6659
9293
18449
15009
3861
4729
11841
950
6936
17521
159
1739
13668
18097
1154
10995
10441
17724
5122
13433
3698
8449
8930
856
13921
17330
8884
9802
12499
9893
13792
5230
10996
18112
11792
4966
12883
18205
7147
8981
12637
10472
20852
10393
9329
18474
9225
19472
1918
10059
9965
8316
2447
22023
6801
7498
13017
21037
17959
1738
16451
2080
4029
7576
398
13034
15953
1952
14196
13793
6476
17260
16774
9557
10819
21715
17945
13091
5091
5648
10777
21897
4980
4863
8763
16853
382
14245
20281
13746
9842
19498
20726
3334
12791
18700
1797
18009
17100
2737
12799
11075
16724
10269
4742
8932
12821
14926
316
21609
21349
10390
14416
1791
19835
19081
13033
18589
7318
6651
8144
15396
6764
16170
8917
8131
8467
1641
3590
15085
19496
8663
6653
3473
14011
17343
17634
6860
11155
21249
18957
9306
751
18833
12660
7481
2291
14262
19847
1087
19050
16446
18163
13852
13210
17926
21562
5930
3423
19763
4780
11521
19502
19760
6377
1726
14190
16152
2697
5282
7547
14017
21705
2949
8653
6811
14108
3710
332
12971
2618
19698
3420
12802
19066
4402
16186
6219
21823
18312
1032
18858
7215
14030
21219
18336
16429
21652
9243
14886
1247
1486
800
16842
20181
12748
12828
9162
1944
14981
2930
20142
10780
282
6756
21683
9831
20100
15888
912
2220
12454
15395
10527
13721
4952
12008
11848
20911
241
15232
36
22160
15764
16511
17570
4053
8717
8896
21066
4526
20238
7698
14222
12638
3333
16992
16785
1251
5346
11904
16598
16891
9841
13428
5529
15449
7532
741
9372
10259
16105
19783
640
12917
705
11807
3619
17280
16254
18558
5140
11245
20230
8814
2791
4373
7531
19481
3874
983
12808
18102
18088
1320
8637
16566
519
15846
17735
4315
1085
6669
117
15004
5668
113
4757
5803
13499
6821
7793
12272
16651
14619
18490
15702
6690
15809
11377
18677
12674
2918
21347
16892
14495
1002
845
7674
13423
21946
18171
17639
9427
4933
1684
12919
750
8785
11548
13645
6963
5150
550
9540
17623
15728
11631
12089
2327
364
19122
2882
447
17103
8585
3691
6634
15723
11236
4634
6026
18274
15064
20695
8510
12098
11936
6990
1971
11053
16190
2271
14338
1028
18784
10918
18502
5185
18676
5517
7187
562
691
10325
21323
8832
12513
5017
1288
6557
17785
15773
2829
5087
5965
17341
15277
4160
4765
7171
12945
1442
657
789
17482
13536
17421
570
11304
20972
8089
4913
2646
4170
20801
20612
230
9308
21158
16013
2117
19797
5063
15561
20528
17734
6904
15570
11550
11937
21710
18157
4899
15823
17028
17292
15458
6642
20364
5307
5250
14982
13268
8918
15414
11147
3049
21613
1677
21340
19999
4288
5877
17407
4031
9322
18118
15506
14228
12440
10892
6827
8063
14651
19532
21118
13462
10421
2468
4338
18161
6218
11892
6398
12380
20062
5428
7110
15633
4061
16139
17889
346
558
1923
16544
17204
14791
11081
18239
18334
3040
22130
4270
2551
18333
17686
4629
2777
6905
18398
12245
131
7228
19953
6241
16313
17536
915
4518
884
1180
2718
11546
5858
16767
2991
17244
15201
2357
21502
1144
12336
10086
9953
6305
12133
12649
3596
7345
4979
4148
18917
20113
14736
10847
11446
8657
7744
121
7408
18649
5434
5294
3058
15536
8694
19579
543
13399
9358
16999
13960
5674
12155
9695
15636
12651
18626
163
19704
1690
9801
10482
16117
3211
15622
13836
15154
7505
21956
17146
5527
21673
15748
6681
6925
12872
18111
2674
12617
13878
20393
1092
21115
4471
5219
17425
20924
10234
7965
20422
7038
10611
13545
21732
10689
11531
15203
17970
6856
7445
12393
2651
9906
13846
17638
4264
2221
10875
5711
17705
16135
20438
7599
9918
13245
2751
13473
12173
21857
14027
15687
848
16805
19308
20189
18400
20332
2776
10442
14422
16931
10463
15215
13803
1719
10180
16471
1716
4797
17475
12453
10486
635
20605
621
6437
1803
19116
1315
8197
2558
1665
14021
1215
6738
9341
9017
11021
6762
8514
21410
10383
3500
14789
8214
9091
21465
12018
12775
21745
12069
16379
16989
14764
16082
18232
8996
9212
12587
11999
8475
6220
16595
8116
2767
8076
20669
16964
11583
18747
5743
9700
18566
10688
18726
2132
11646
16490
20112
8818
19908
16856
16822
21519
377
18620
20425
9851
1592
6741
1111
4038
16038
17883
5584
18636
13753
10027
4630
15261
19697
9220
15759
8450
19915
5675
52
21895
15797
2615
11193
19823
2196
317
4205
10992
1487
19564
4874
4620
3309
17113
10836
9969
14005
20013
14105
9524
18030
8268
20628
2489
15163
9642
4818
13401
1849
9122
11297
9157
12986
745
6260
15142
5316
1764
17768
21077
19831
4210
563
4663
11497
7242
18345
5571
4994
17285
11614
20864
17395
19557
17522
17215
15405
12481
12978
15572
18617
19848
12153
12723
3329
10640
3185
6752
8758
20266
5738
7660
18520
13597
3740
18299
21491
2672
5113
2608
9937
5293
3794
5984
7711
16872
3482
15121
8871
793
13
2538
12593
20214
11759
19968
387
20483
4034
12792
10706
1021
8236
9944
1494
9868
18167
19702
12186
18081
14581
8933
2324
9281
5560
914
12695
21159
11087
19935
20847
12317
20894
18678
14545
15358
21771
14558
3230
11034
832
13042
5851
18890
9333
21572
19832
3047
4134
8164
12877
19474
2484
21950
7375
18394
18051
9894
20390
15513
12896
17029
1999
7473
12016
1059
9298
10117
5506
6048
15063
13310
3725
1520
11916
9645
21130
9946
9669
6989
2283
5166
6515
2539
21795
14112
18632
4833
246
19582
3122
12796
14334
8586
19685
12784
4465
18138
1506
17556
21574
5812
7163
13307
2356
12388
7011
20897
20341
14719
12520
17034
16389
2880
4157
11791
22133
8373
15997
2527
14574
18042
14432
1915
4299
7928
18910
19609
17305
4715
3356
3749
17976
4725
4978
3594
7209
1218
6186
17222
1155
22108
14551
10725
9040
20314
11981
8175
20984
14427
1904
11220
17682
535
17868
4614
17742
8866
21737
2504
10770
15504
20479
8361
4972
17859
2945
19017
12290
9947
2727
11077
12203
168
14240
11641
21408
231
20046
1495
6518
20135
21065
13145
14969
22107
5707
12253
12960
63
18150
8309
15538
11728
19310
15284
14419
11502
9826
5925
11332
15283
11079
10925
16153
20034
15155
6125
11802
18468
12876
16942
16638
3765
5813
10178
17856
18935
20441
9763
18069
5563
10926
4652
16352
3411
7296
13262
21266
977
13387
15675
10717
2983
10564
3443
1536
12777
321
19352
17646
1593
6461
13699
3134
2126
1123
12265
411
21809
15078
3592
9008
14774
15850
18633
237
12082
17056
5869
21949
18424
18496
22139
13158
2397
4726
20392
4987
5164
6039
6680
3128
11486
1093
21839
4995
2692
13723
6572
20352
5957
4500
12415
17120
19184
20913
9662
14252
8179
19621
14553
7339
11783
16100
19524
11240
6686
21515
18556
22096
14510
18640
20367
10443
4722
220
7128
5554
11357
6540
3377
20373
11475
5773
18461
17751
6078
7337
19227
4877
15493
853
16611
8010
8202
21989
2406
9987
13415
1925
9302
9514
4519
16362
6381
19425
15546
12314
6965
16599
15147
20447
4344
19575
11610
13071
15788
6214
815
4044
14910
10207
2974
160
16682
19501
490
2910
8658
17908
20331
10483
8949
3887
20260
14110
22016
17543
10937
11473
13576
18962
14145
11130
13291
4503
18214
5771
14475
13118
16040
6376
18941
14696
21821
10408
21853
1612
12228
5607
13319
20014
9141
14621
2295
11425
13659
18859
15851
2549
19480
4273
4269
12835
8341
21437
4172
20683
14976
7624
16382
7026
12249
2961
16837
17862
2375
13664
9435
20574
18672
11760
2159
15831
8784
17338
10353
10707
14124
21168
9286
20843
7953
79
1173
21311
11540
14066
615
15464
18356
1957
11720
11930
11349
7606
4283
16132
3231
1873
11085
15868
17413
12620
4202
2606
174
2302
5260
10324
17587
13178
10550
2304
20684
21493
10167
935
10948
3279
13224
11238
16537
2556
2724
20261
11317
18904
8860
18728
21804
21361
18209
18922
22076
4648
4321
4772
11986
9696
18422
16291
12498
17773
20720
6177
8687
419
18426
12216
1663
21955
12178
6573
20128
16073
10737
251
6665
1478
5440
8462
20185
14867
7509
12658
18339
11765
16077
9073
17955
12147
9126
16150
21102
11985
13964
9376
20769
3076
2179
1529
6967
16142
8378
4601
15278
16274
4174
2216
10867
8943
12355
4790
17366
8877
10448
9762
18614
17805
16568
10012
18713
15324
2867
7132
3864
20915
17345
9131
18607
7517
19427
3892
3541
7362
18660
19659
14097
3436
10310
2689
14762
6717
11874
16456
9729
11699
7280
16121
13620
9047
5349
5077
18976
8099
2219
7025
14792
14711
21914
20546
4968
20821
20568
8057
21876
14400
21393
17936
10727
4612
11217
4066
10098
967
7927
21717
8235
21981
175
2913
6622
17910
3247
9246
11011
17504
1902
19529
17621
12284
10342
20964
10693
9290
21210
6129
3857
3647
10150
18472
8137
1623
6343
17164
8565
16710
5054
7533
14013
3824
20899
17110
15228
15630
11543
7088
2738
13537
22009
9447
12713
4707
10159
12051
1436
20882
16812
268
17902
5018
19670
2445
12805
3527
11887
19206
11390
1601
19229
19130
3808
769
6418
4672
17762
7737
16685
18391
20530
11209
16946
16784
2415
5713
10885
5508
10079
20562
22039
20443
2263
10149
15540
9331
1541
3325
11567
3355
17557
2334
14115
16643
13851
16635
97
20643
1679
10604
17310
13636
10554
1245
7261
11469
8941
18597
16672
21430
15616
8618
2089
2679
6797
6395
6462
8396
11645
18269
13873
2331
19497
6310
19548
2846
11968
15910
18304
6951
1280
985
4563
12817
5974
9689
5620
3557
21904
18240
13020
15080
15444
17170
3883
9876
9432
6707
8604
10299
2600
18266
7355
14223
13148
2589
3918
22072
15320
14284
13254
17886
15917
13773
18414
4942
1909
13984
14037
16677
21674
9746
13581
21350
21671
6772
13772
8934
17030
12788
6874
11695
14807
3357
15979
9866
15985
10741
19232
8815
6828
2139
15023
1643
15058
14825
11412
14440
3205
20263
17699
15707
17420
3937
18160
17283
735
3146
10755
7913
7221
389
4248
8647
12151
19509
15940
12691
5842
959
10327
333
3389
7894
19256
4412
14411
10830
10046
19148
11507
8106
96
1237
16453
118
17007
17230
5157
9554
2336
17158
21579
3399
18878
17644
5117
7821
2146
16409
12283
61
9517
4246
12435
6692
601
6976
5044
7664
1710
20595
4745
6929
11935
9407
141
18730
14082
14822
1386
12975
4346
7835
18417
17069
18403
224
6876
9442
12621
13808
7302
13625
17112
14249
20637
3655
10067
1068
11605
3748
15348
12594
13238
18790
7566
14794
13186
13701
2704
1067
14620
14641
13901
4534
1740
11666
6014
17236
20844
18322
804
21220
21059
2638
10956
4573
3349
11420
14761
20533
18773
2529
11745
16645
16720
13831
1731
6643
7052
14850
14083
17648
5178
8799
3952
12654
7878
10621
18645
16909
10136
11798
20327
3113
3348
15755
12740
18154
20929
16021
12976
6668
13563
15819
7099
3430
7548
7350
13016
7138
12858
15139
1550
11262
19298
17923
7191
12405
12137
10235
809
582
22085
16727
19203
8313
8190
11803
14843
17454
81
14420
20987
13092
7267
5442
3125
6841
2656
7313
4023
151
16653
3552
12601
19304
2198
5719
2959
9318
17151
2303
4604
19139
17197
7442
20979
13494
17342
11893
21315
16283
17665
1467
11881
14476
1996
8474
21806
7472
17542
4429
22056
13365
21578
6531
19118
10411
11519
2862
1629
13811
8898
5972
902
20461
3387
18123
13300
9624
13743
15241
10131
10068
2512
18609
15454
21457
21495
5403
6612
20884
20282
495
8323
20474
14671
3913
6168
8353
17251
6889
16343
6357
20457
2059
15402
44
14646
12064
8741
11070
19223
3648
5444
3880
6618
12327
12579
14856
10928
3565
7805
11430
4400
18523
21666
14660
20476
14278
5469
10856
4347
13740
16798
10095
10369
11513
20806
1777
10157
8102
14657
16308
17508
5359
21129
806
4556
2631
21523
2457
21089
182
10613
5558
3900
541
22134
3286
7393
9389
2167
17385
10176
11711
13603
20930
7376
17185
9
16091
1496
21686
2021
158
14024
22194
16300
14207
20
11363
6633
9537
15852
610
2115
7092
1857
306
11858
14373
5064
3908
17593
18531
13671
11037
12002
10738
688
15684
18692
9052
20086
14140
6915
19917
8109
11307
12809
11322
2363
15113
8865
17582
8034
9097
20498
8668
14047
21085
8306
21907
11178
17281
20946
21131
5834
18036
7723
11098
8388
15729
8280
93
13840
9591
15906
6152
15435
13820
8247
13750
9032
19488
5968
20859
5702
7945
17507
14094
18483
7836
20316
20328
15011
11365
17531
2818
12125
11264
13616
518
1564
20499
4992
15259
19093
1166
12613
21621
3842
9327
14922
6498
8892
20610
18545
12271
8642
492
21109
3096
16631
20287
14517
3816
1309
13972
8999
18388
4370
11966
13683
686
9326
20948
336
7484
21868
11233
3366
14925
1932
20469
2337
13684
10165
10280
7041
20311
3324
1027
3120
17463
2042
2574
20728
21928
11027
8429
2150
21948
2653
12957
835
21929
13888
5459
7234
2735
15926
18988
2106
17637
12183
18903
18376
9890
20596
1590
18120
18095
10697
1300
10612
6592
12697
2360
12717
14880
10858
3034
8368
12522
14897
19293
15865
7551
10708
6386
9756
931
12615
3153
17610
19008
9972
17933
12009
7369
16523
15333
5658
16080
13588
10763
16717
16761
7804
11308
11020
16935
20991
5814
19174
9931
15756
2617
5202
3064
6021
3340
17668
3928
10128
4422
10123
20566
17091
1403
7700
16221
18534
2948
22059
13806
21162
5562
13642
22128
19952
19373
1933
3966
18311
6975
20237
9643
12371
19455
15754
8889
10284
2696
16526
16610
13199
10212
46
21662
19466
5450
15319
16478
10922
16422
3297
3866
20255
4263
10127
9478
5996
15990
244
3199
9005
3303
17547
1003
20153
11364
13780
15806
5710
19445
11260
17370
5518
13705
15129
15041
13905
13572
16162
353
6179
3763
17002
17332
1511
1706
17083
1598
18041
13412
11336
5389
16702
11835
11735
17279
20796
11511
180
10446
497
9041
16848
1581
17376
19091
21274
8443
4249
11894
10542
6352
18247
557
11289
16151
344
1372
16545
12111
10938
12998
12372
20873
3278
2731
12533
11692
4864
20415
8253
17008
15887
10516
15516
1642
388
9294
20601
2815
18107
8477
17277
11542
3462
14073
19072
9892
3368
14705
7098
8744
7140
18399
13374
5278
20290
15893
8421
13297
11524
7039
20365
7643
10599
16940
7125
9570
21490
8245
12726
5034
17231
6206
345
11738
18258
6861
12780
17695
2439
17019
1649
10982
14101
7094
18963
10657
17651
11763
14395
6428
2501
5678
3363
4596
18438
14707
4183
7684
8216
13788
4480
19140
10930
8379
14442
2129
20424
3559
9806
3107
15810
14204
11652
15818
16147
15137
4355
1651
16692
1360
8765
10825
8305
19452
4143
14257
2605
5170
11804
7454
17628
17887
12758
8579
8967
17302
4839
10711
4042
6023
18434
5952
17132
13849
21536
11845
10275
11888
12794
8098
2165
18428
2601
4882
8874
17078
14819
17865
16407
11767
21483
20621
8463
15298
14629
15656
8746
14200
14667
17286
19264
18441
1444
15749
9277
15052
5022
13321
7757
11249
9037
8344
18758
2555
19288
12962
7736
14006
11515
2322
20159
14195
13277
10950
12446
21735
13897
827
1687
19351
16986
13104
7560
9437
10521
18344
11625
3083
13100
19430
1742
11112
11734
21906
13798
8638
1664
12983
10428
20928
6150
6067
11594
18789
7847
21447
2979
21657
18594
16425
8257
3915
21399
14645
17625
5522
19280
13464
15006
16194
684
4598
16278
4846
10901
16248
6530
5733
21998
21599
14189
13174
22203
4414
9857
9663
4458
21342
16877
697
15345
1222
15539
1862
5511
11356
13571
20690
19382
15523
15138
6649
3505
12311
8311
3187
5040
16753
18546
16169
15836
2378
6083
3452
21165
13448
448
17449
8432
3305
18053
21782
177
10674
5393
17355
13343
6222
76
17027
5331
19272
9797
262
13720
2107
8863
12948
17676
4564
7731
13408
6027
5396
19071
10726
19990
10394
7781
10376
15046
15280
19542
17025
14933
4922
5853
20218
15347
11141
19739
12138
619
1323
12544
16956
3511
6863
9328
3739
4643
3833
6616
12463
18413
7524
19961
11144
2217
9230
2907
8077
921
12094
1688
3382
5553
12844
14
14943
14607
4963
13850
1779
14745
7405
14849
19874
5815
10432
15237
14575
4567
9590
1191
18084
2299
3875
4641
19860
12392
21145
20563
22042
7636
1365
9531
10974
7056
7040
11393
13327
15966
1788
7591
539
9871
1455
1635
21930
13644
16548
8714
20910
13578
3301
8603
2982
10494
4194
13233
10304
19181
11451
3969
15296
15682
10744
20145
14652
4069
12060
11535
16315
12139
12095
19451
12436
11133
11072
2412
10673
7371
17581
40
22156
9196
8951
5970
2026
12438
5209
145
15963
16834
1721
18482
8111
13695
11318
17358
5055
19337
9055
10344
1387
4242
9502
5942
12141
506
11517
17152
17044
213
20680
2332
2552
14016
12108
194
19661
19321
16593
14454
17304
17276
3821
6953
18796
1271
21750
22117
6493
5124
17822
1350
6771
15207
8859
16228
12420
16378
20123
6946
8177
2936
2111
6477
14452
16064
11012
4164
22079
1113
9027
1743
10608
16646
18179
8908
6708
16810
9556
21199
6985
1196
15430
3274
4443
7543
2567
2169
21070
6606
16010
4349
16869
21312
12836
4825
12083
9367
12120
16868
14887
21248
11153
9903
17797
9161
10720
12767
433
19970
2563
17367
923
2028
11331
3445
1074
21321
6416
4578
6174
12873
20634
15407
9584
6938
18892
11958
12984
15775
3367
12577
20584
13093
5168
133
19047
15821
6807
19403
19009
3457
6061
20579
16950
5470
11413
17297
12246
20304
11813
15761
14221
19296
9924
21951
11246
19623
12182
7033
18384
1036
7783
17919
3261
12413
5986
10385
17711
18792
21412
17453
20031
18513
1348
1610
2073
13586
20681
22170
4856
8520
14447
15535
10687
3344
12033
12242
18571
13437
2393
13983
5447
18094
19503
733
3938
21028
6927
1654
10784
8203
17888
3933
3037
15341
296
14193
18181
17727
13214
21596
1453
5828
9194
10906
12479
9818
5822
10286
14415
12206
13733
4872
21061
11883
3783
14576
6217
15218
14289
685
20996
18885
15740
8956
10198
1843
21756
18
20280
450
8588
22017
11477
13364
17169
8962
6796
16818
13632
20550
7870
13767
6436
2267
21010
15694
1967
18270
14973
21172
5875
12048
10993
5138
20359
20234
11456
20660
10811
14868
2096
1926
2825
2569
3220
14130
20201
11712
21696
20027
75
16843
17564
4439
12472
16747
2747
5123
9248
21394
8345
13106
11344
4954
4100
11522
21428
2022
19419
1052
16726
6237
7727
12044
21623
1670
13882
7247
6726
14988
16370
21338
20559
24
18630
881
8734
11347
11611
6421
761
19258
9163
17981
14172
1793
13988
16454
21607
8085
16400
379
10732
13584
2401
7967
14853
19852
2733
2871
20767
5619
17445
19598
8979
9134
19928
18860
9300
19299
20009
14326
11140
13246
19996
15108
8937
10447
2787
3056
19132
1327
4303
19459
16358
10812
16998
17912
11135
20523
21058
4673
869
2570
749
6228
10981
12797
20575
4551
14507
468
7306
7885
9471
17952
15056
9725
6710
17374
2312
21689
922
21743
3413
19660
3158
17109
5208
11635
7683
20421
7231
19672
21103
13322
407
20992
9647
8516
5179
19794
11624
11048
17938
14459
17271
7940
2830
11870
9692
4937
6880
5836
9750
5971
5205
5576
22058
6306
19906
18015
11335
20508
7879
5973
6069
13522
18405
7415
3769
11634
13119
10213
18868
263
12586
8025
9757
12514
21090
3942
3977
21260
4834
16224
11312
9418
13235
15371
19904
5000
5977
20437
3776
12715
4706
2758
20127
22122
4297
20268
10160
5481
21920
5604
8760
2289
14666
21603
4005
18788
3815
5425
16249
6230
18540
11022
20921
356
1681
16430
9925
9661
20791
8433
17408
13977
16699
15044
2189
10147
18591
5465
8088
3063
11599
7667
8745
10301
12790
18169
13485
1437
8292
10477
11440
18953
5424
19975
18027
17782
16185
6046
19869
2721
5890
7961
5299
4996
17511
10001
11278
3352
4490
17819
13115
3339
6011
19513
6140
7211
13556
1566
9030
8508
9549
13444
5691
216
20278
9039
20532
13323
18131
5048
21333
5098
21761
7983
20570
3600
8788
13700
1993
13153
1080
20139
16427
5358
6120
4838
1575
19162
5197
13140
19265
2318
8983
7764
12944
3793
12572
7311
15487
10987
5212
6533
8046
5586
2190
12114
13607
19652
19738
5779
12679
21926
9386
20389
18809
6243
16776
19810
1823
17387
12879
3269
18928
1978
10450
14099
3124
14491
319
8125
6921
11315
463
19330
19482
17410
2519
9285
5045
16227
4067
4857
5685
11117
1207
7233
17331
10641
3360
5204
9364
4540
20169
10666
16557
15744
4124
6623
8479
14630
14219
19145
13479
16910
3464
17962
20051
15328
12456
20346
14265
16756
18479
852
4130
7006
6595
3456
14366
7696
17353
18096
7084
17139
22081
8380
7593
18538
15690
16341
9816
11170
12116
17892
11156
14520
18742
9268
16177
10439
19411
9481
20983
15050
10969
17075
16437
17900
18061
8317
19756
5686
9838
16860
15195
13884
18106
16165
6722
14659
10188
2005
20537
8875
8523
17996
17086
11225
2355
19490
9811
11862
16364
5160
11528
10228
16319
4777
16329
15349
21341
12940
14927
6200
18410
5385
1558
2244
10896
13465
9979
2172
16604
17477
10799
3501
6878
13442
384
9087
6527
1830
19987
16754
15030
12547
11818
7806
16560
13807
4083
20856
18476
18216
19262
5035
795
5267
14049
7646
20105
20794
12447
9644
8426
7717
20626
1056
19733
16890
10088
2427
12675
12851
6333
19546
5154
21160
20353
16320
10412
17678
7881
15419
18781
18286
15330
4704
17787
8696
16902
14891
19888
7559
11976
5625
12345
395
16725
1294
12041
3582
1755
9390
9799
13577
14294
5047
3323
4945
5306
9512
21234
7503
16443
21381
7497
5594
8820
6890
19195
13710
20395
18443
978
10566
14896
12760
1010
8315
11873
14917
21192
2436
2744
17202
3502
15854
16927
21651
7166
15783
3470
20524
16317
7890
19200
2176
1821
14815
12721
14014
11840
17514
579
8701
9728
11551
16377
2807
19785
16173
14208
7083
15039
20132
3734
9555
21239
19189
7044
2841
414
1177
16558
17064
19019
8227
19595
1618
6465
3813
3950
11554
2811
4919
20175
17191
14536
12942
11468
16057
11031
18021
7075
4683
15346
10544
53
3432
21571
18670
16997
4018
14801
11381
7523
18746
10487
12448
15482
15685
3215
6490
10004
16444
21624
15102
19045
19752
18116
1399
16701
17503
7520
957
887
20055
6776
11151
10848
3498
18018
889
18100
19409
14697
1976
9722
15133
14086
21235
1675
9051
10929
15042
21800
7047
19729
4235
3906
7438
20382
8553
17574
10189
16696
9655